{
    "EXP_CONFIG": {
        "DEPTH": 3,
        "LEARNING_RATE": 0.1,
        "LOSS": "MultiClass",
        "TEST_DATASET_COUNT": 1000,
        "TRAIN_DATASET_COUNT": 3500,
        "VALIDATE_DATASET_COUNT": 1500
    },
    "FEATURE_IMPORTANCE": {
        "AGE": 0.0,
        "AVE_ASSISTANCE": 5.550766559645205,
        "AVE_FOUL": 3.7977482843129775,
        "AVE_SCORE": 10.188892573511712,
        "AVE_STEALING": 4.05015405707671,
        "AVE_TACKLING": 3.836014096143564,
        "HEIGHT": 7.47882132190909,
        "NATION": 0.0,
        "SAVING_TIME": 50.312606463125945,
        "SPEED": 5.2570098777311935,
        "WEIGHT": 0.0,
        "YELLOW_RED_CARD_NUMBER": 9.527986766543602
    },
    "FINAL_TEST_ACCURACY": 0.902
}