{
    "EXP_CONFIG": {
        "DEPTH": 2,
        "LEARNING_RATE": 0.1,
        "LOSS": "MultiClass",
        "TEST_DATASET_COUNT": 1000,
        "TRAIN_DATASET_COUNT": 3500,
        "VALIDATE_DATASET_COUNT": 1500
    },
    "FEATURE_IMPORTANCE": {
        "AGE": 0.0,
        "AVE_ASSISTANCE": 5.2888650254197955,
        "AVE_FOUL": 3.3664666579426186,
        "AVE_SCORE": 9.9188109758246,
        "AVE_STEALING": 3.73886835408802,
        "AVE_TACKLING": 2.8833681190030727,
        "HEIGHT": 7.5860288823289155,
        "NATION": 0.0,
        "SAVING_TIME": 52.81928825072802,
        "SPEED": 4.951717356529833,
        "WEIGHT": 0.0,
        "YELLOW_RED_CARD_NUMBER": 9.446586378135123
    },
    "FINAL_TEST_ACCURACY": 0.889
}