{
    "EXP_CONFIG": {
        "DEPTH": 12,
        "LEARNING_RATE": 0.1,
        "LOSS": "MultiClass",
        "TEST_DATASET_COUNT": 1000,
        "TRAIN_DATASET_COUNT": 3500,
        "VALIDATE_DATASET_COUNT": 1500
    },
    "FEATURE_IMPORTANCE": {
        "AGE": 0.07941715146540791,
        "AVE_ASSISTANCE": 6.704374478801959,
        "AVE_FOUL": 4.924665005219651,
        "AVE_SCORE": 12.803176206659403,
        "AVE_STEALING": 5.079287954651131,
        "AVE_TACKLING": 4.846240596065502,
        "HEIGHT": 8.792236309129299,
        "NATION": 0.1779834988650108,
        "SAVING_TIME": 38.022821130912895,
        "SPEED": 6.733228530069586,
        "WEIGHT": 0.23617549576397912,
        "YELLOW_RED_CARD_NUMBER": 11.600393642396202
    },
    "FINAL_TEST_ACCURACY": 0.924
}