{
    "EXP_CONFIG": {
        "DEPTH": 14,
        "LEARNING_RATE": 0.1,
        "LOSS": "MultiClass",
        "TEST_DATASET_COUNT": 1000,
        "TRAIN_DATASET_COUNT": 3500,
        "VALIDATE_DATASET_COUNT": 1500
    },
    "FEATURE_IMPORTANCE": {
        "AGE": 0.04759528803547083,
        "AVE_ASSISTANCE": 6.5200501527045125,
        "AVE_FOUL": 4.562321866553741,
        "AVE_SCORE": 11.724999682002975,
        "AVE_STEALING": 4.896342314476971,
        "AVE_TACKLING": 4.511241454509586,
        "HEIGHT": 6.965517786651924,
        "NATION": 0.17216285753204308,
        "SAVING_TIME": 43.0897520570585,
        "SPEED": 6.184291090602904,
        "WEIGHT": 0.08375241970238588,
        "YELLOW_RED_CARD_NUMBER": 11.24197303016898
    },
    "FINAL_TEST_ACCURACY": 0.921
}