{
    "EXP_CONFIG": {
        "DEPTH": 4,
        "LEARNING_RATE": 0.1,
        "LOSS": "MultiClass",
        "TEST_DATASET_COUNT": 1000,
        "TRAIN_DATASET_COUNT": 3500,
        "VALIDATE_DATASET_COUNT": 1500
    },
    "FEATURE_IMPORTANCE": {
        "AGE": 0.0,
        "AVE_ASSISTANCE": 5.816400724154528,
        "AVE_FOUL": 3.7551702612000346,
        "AVE_SCORE": 10.793282977732236,
        "AVE_STEALING": 4.16052981800727,
        "AVE_TACKLING": 3.840390342295193,
        "HEIGHT": 7.503713603145394,
        "NATION": 0.0012095756694025276,
        "SAVING_TIME": 48.09680343222792,
        "SPEED": 5.744505086725702,
        "WEIGHT": 0.030990722914028428,
        "YELLOW_RED_CARD_NUMBER": 10.257003455928281
    },
    "FINAL_TEST_ACCURACY": 0.919
}