{
    "EXP_CONFIG": {
        "DEPTH": 6,
        "LEARNING_RATE": 0.1,
        "LOSS": "MultiClass",
        "TEST_DATASET_COUNT": 1000,
        "TRAIN_DATASET_COUNT": 3500,
        "VALIDATE_DATASET_COUNT": 1500
    },
    "FEATURE_IMPORTANCE": {
        "AGE": 0.1113567106224956,
        "AVE_ASSISTANCE": 6.3973903644902315,
        "AVE_FOUL": 4.44563583205916,
        "AVE_SCORE": 11.35878360244481,
        "AVE_STEALING": 4.449457241231273,
        "AVE_TACKLING": 4.213912765440553,
        "HEIGHT": 7.779298472783218,
        "NATION": 0.04273228821557061,
        "SAVING_TIME": 43.881623068821106,
        "SPEED": 6.286630904644952,
        "WEIGHT": 0.12884222946423296,
        "YELLOW_RED_CARD_NUMBER": 10.904336519782397
    },
    "FINAL_TEST_ACCURACY": 0.922
}