{
    "EXP_CONFIG": {
        "DEPTH": 1,
        "LEARNING_RATE": 0.1,
        "LOSS": "MultiClass",
        "TEST_DATASET_COUNT": 1000,
        "TRAIN_DATASET_COUNT": 3500,
        "VALIDATE_DATASET_COUNT": 1500
    },
    "FEATURE_IMPORTANCE": {
        "AGE": 0.0,
        "AVE_ASSISTANCE": 3.9762609813831515,
        "AVE_FOUL": 2.1401003139442674,
        "AVE_SCORE": 9.446788074261379,
        "AVE_STEALING": 2.404055710499156,
        "AVE_TACKLING": 1.7494236608698046,
        "HEIGHT": 8.675830770518878,
        "NATION": 0.0,
        "SAVING_TIME": 58.48019853584287,
        "SPEED": 3.958090515904331,
        "WEIGHT": 0.0,
        "YELLOW_RED_CARD_NUMBER": 9.169251436776172
    },
    "FINAL_TEST_ACCURACY": 0.837
}