{
    "EXP_CONFIG": {
        "DEPTH": 10,
        "LEARNING_RATE": 0.1,
        "LOSS": "MultiClass",
        "TEST_DATASET_COUNT": 1000,
        "TRAIN_DATASET_COUNT": 3500,
        "VALIDATE_DATASET_COUNT": 1500
    },
    "FEATURE_IMPORTANCE": {
        "AGE": 0.08714930672560495,
        "AVE_ASSISTANCE": 6.29135542740677,
        "AVE_FOUL": 4.650964775245396,
        "AVE_SCORE": 11.866597393996347,
        "AVE_STEALING": 4.378347959511695,
        "AVE_TACKLING": 4.357207082812201,
        "HEIGHT": 8.463279651222331,
        "NATION": 0.25028580518682575,
        "SAVING_TIME": 42.218327497879244,
        "SPEED": 6.523536809141617,
        "WEIGHT": 0.10424831009113221,
        "YELLOW_RED_CARD_NUMBER": 10.808699980780833
    },
    "FINAL_TEST_ACCURACY": 0.917
}