{
    "EXP_CONFIG": {
        "DEPTH": 8,
        "LEARNING_RATE": 0.1,
        "LOSS": "MultiClass",
        "TEST_DATASET_COUNT": 1000,
        "TRAIN_DATASET_COUNT": 3500,
        "VALIDATE_DATASET_COUNT": 1500
    },
    "FEATURE_IMPORTANCE": {
        "AGE": 0.0,
        "AVE_ASSISTANCE": 6.241209990814063,
        "AVE_FOUL": 4.530573527614776,
        "AVE_SCORE": 11.966627429969126,
        "AVE_STEALING": 4.8748924276546886,
        "AVE_TACKLING": 4.0779654021637075,
        "HEIGHT": 8.499272574053327,
        "NATION": 0.13075158194016476,
        "SAVING_TIME": 42.46268883336541,
        "SPEED": 6.696838783617828,
        "WEIGHT": 0.07132808144719889,
        "YELLOW_RED_CARD_NUMBER": 10.447851367359693
    },
    "FINAL_TEST_ACCURACY": 0.927
}