{
    "EXP_CONFIG": {
        "DEPTH": 10,
        "LEARNING_RATE": 0.01,
        "LOSS": "MultiClass",
        "TEST_DATASET_COUNT": 1000,
        "TRAIN_DATASET_COUNT": 3500,
        "VALIDATE_DATASET_COUNT": 1500
    },
    "FEATURE_IMPORTANCE": {
        "AGE": 0.03584573930364542,
        "AVE_ASSISTANCE": 4.455233537609689,
        "AVE_FOUL": 1.3127004940050484,
        "AVE_SCORE": 11.983492309142372,
        "AVE_STEALING": 1.9252863708784373,
        "AVE_TACKLING": 0.9167019178038945,
        "HEIGHT": 11.607865259291883,
        "NATION": 0.17103053656154885,
        "SAVING_TIME": 50.88889209354499,
        "SPEED": 4.714801661406379,
        "WEIGHT": 0.06388324410492603,
        "YELLOW_RED_CARD_NUMBER": 11.924266836347188
    },
    "FINAL_TEST_ACCURACY": 0.823
}