{
    "EXP_CONFIG": {
        "DEPTH": 10,
        "LEARNING_RATE": 0.1,
        "LOSS": "MultiClass",
        "TEST_DATASET_COUNT": 1000,
        "TRAIN_DATASET_COUNT": 3500,
        "VALIDATE_DATASET_COUNT": 1500
    },
    "FEATURE_IMPORTANCE": {
        "AGE": 0.05145694041973731,
        "AVE_ASSISTANCE": 6.761250282567027,
        "AVE_FOUL": 4.474816431129103,
        "AVE_SCORE": 12.047901285535085,
        "AVE_STEALING": 4.643958471161103,
        "AVE_TACKLING": 4.715922402215091,
        "HEIGHT": 8.253981524896385,
        "NATION": 0.22459689186227091,
        "SAVING_TIME": 41.44563556938309,
        "SPEED": 6.327329020156185,
        "WEIGHT": 0.11179462809291184,
        "YELLOW_RED_CARD_NUMBER": 10.941356552582013
    },
    "FINAL_TEST_ACCURACY": 0.92
}