{
    "EXP_CONFIG": {
        "DEPTH": 10,
        "LEARNING_RATE": 0.3,
        "LOSS": "MultiClass",
        "TEST_DATASET_COUNT": 1000,
        "TRAIN_DATASET_COUNT": 3500,
        "VALIDATE_DATASET_COUNT": 1500
    },
    "FEATURE_IMPORTANCE": {
        "AGE": 0.13212392141943938,
        "AVE_ASSISTANCE": 8.43215093680169,
        "AVE_FOUL": 6.075974263468775,
        "AVE_SCORE": 13.176324733388315,
        "AVE_STEALING": 6.965874821858884,
        "AVE_TACKLING": 6.025950763128346,
        "HEIGHT": 9.853389444642564,
        "NATION": 0.11532689964525071,
        "SAVING_TIME": 27.106898617978537,
        "SPEED": 7.875914852417798,
        "WEIGHT": 0.3506266233277727,
        "YELLOW_RED_CARD_NUMBER": 13.889444121922645
    },
    "FINAL_TEST_ACCURACY": 0.933
}