{
    "EXP_CONFIG": {
        "DEPTH": 10,
        "LEARNING_RATE": 0.03,
        "LOSS": "MultiClass",
        "TEST_DATASET_COUNT": 1000,
        "TRAIN_DATASET_COUNT": 3500,
        "VALIDATE_DATASET_COUNT": 1500
    },
    "FEATURE_IMPORTANCE": {
        "AGE": 0.059031695931699296,
        "AVE_ASSISTANCE": 5.517507336820155,
        "AVE_FOUL": 3.4915092580194598,
        "AVE_SCORE": 11.462795184756406,
        "AVE_STEALING": 3.321807086949701,
        "AVE_TACKLING": 3.093178773663483,
        "HEIGHT": 9.299944029387001,
        "NATION": 0.26764519761480265,
        "SAVING_TIME": 46.71787168557118,
        "SPEED": 5.530422541396895,
        "WEIGHT": 0.052672287095177434,
        "YELLOW_RED_CARD_NUMBER": 11.185614922794057
    },
    "FINAL_TEST_ACCURACY": 0.881
}