{
    "EXP_CONFIG": {
        "DEPTH": 10,
        "LEARNING_RATE": 0.1,
        "LOSS": "MultiClass",
        "TEST_DATASET_COUNT": 1000,
        "TRAIN_DATASET_COUNT": 3500,
        "VALIDATE_DATASET_COUNT": 1500
    },
    "FEATURE_IMPORTANCE": {
        "AGE": 0.1627968339300713,
        "AVE_ASSISTANCE": 2.6317507887461034,
        "AVE_FOUL": 2.7450622540640928,
        "AVE_SCORE": 12.546895273729087,
        "AVE_STEALING": 2.570291430808045,
        "AVE_TACKLING": 1.3958509147751241,
        "HEIGHT": 13.610665673746167,
        "NATION": 0.15030163282056033,
        "SAVING_TIME": 46.021021808848204,
        "SPEED": 6.215982397606588,
        "WEIGHT": 0.08760033078758295,
        "YELLOW_RED_CARD_NUMBER": 11.861780660138372
    },
    "FINAL_TEST_ACCURACY": 0.806
}