{
    "EXP_CONFIG": {
        "DEPTH": 10,
        "LEARNING_RATE": 0.1,
        "LOSS": "MultiClass",
        "TEST_DATASET_COUNT": 1000,
        "TRAIN_DATASET_COUNT": 3500,
        "VALIDATE_DATASET_COUNT": 1500
    },
    "FEATURE_IMPORTANCE": {
        "AGE": 0.013661924377946435,
        "AVE_ASSISTANCE": 6.1403424646171265,
        "AVE_FOUL": 4.073922435886382,
        "AVE_SCORE": 12.443123883510518,
        "AVE_STEALING": 4.25013041673332,
        "AVE_TACKLING": 3.9629768896199797,
        "HEIGHT": 8.451144461737108,
        "NATION": 0.27891929952258954,
        "SAVING_TIME": 42.657951425069264,
        "SPEED": 6.358639297612013,
        "WEIGHT": 0.43826786184672073,
        "YELLOW_RED_CARD_NUMBER": 10.930919639467023
    },
    "FINAL_TEST_ACCURACY": 0.894
}