{
    "EXP_CONFIG": {
        "DEPTH": 10,
        "LEARNING_RATE": 0.1,
        "LOSS": "MultiClass",
        "TEST_DATASET_COUNT": 1000,
        "TRAIN_DATASET_COUNT": 3500,
        "VALIDATE_DATASET_COUNT": 1500
    },
    "FEATURE_IMPORTANCE": {
        "AGE": 0.17875907683548076,
        "AVE_ASSISTANCE": 7.460778173461467,
        "AVE_FOUL": 6.000140204881157,
        "AVE_SCORE": 12.528741303219903,
        "AVE_STEALING": 5.87305050683499,
        "AVE_TACKLING": 5.631075481713454,
        "HEIGHT": 8.624078544866293,
        "NATION": 0.16492515474433828,
        "SAVING_TIME": 33.274890829072554,
        "SPEED": 7.536645138888273,
        "WEIGHT": 0.3836989179110335,
        "YELLOW_RED_CARD_NUMBER": 12.34321666757104
    },
    "FINAL_TEST_ACCURACY": 0.935
}