{
    "EXP_CONFIG": {
        "DEPTH": 10,
        "LEARNING_RATE": 0.1,
        "LOSS": "MultiClass",
        "TEST_DATASET_COUNT": 1000,
        "TRAIN_DATASET_COUNT": 3500,
        "VALIDATE_DATASET_COUNT": 1500
    },
    "FEATURE_IMPORTANCE": {
        "AGE": 0.1269347897770222,
        "AVE_ASSISTANCE": 7.812868085392584,
        "AVE_FOUL": 5.868315510065106,
        "AVE_SCORE": 12.979445903906434,
        "AVE_STEALING": 5.9287372575651025,
        "AVE_TACKLING": 5.628284134507528,
        "HEIGHT": 8.060376664781986,
        "NATION": 0.24368312844541642,
        "SAVING_TIME": 33.38601134259312,
        "SPEED": 7.594673703151485,
        "WEIGHT": 0.30535049741413167,
        "YELLOW_RED_CARD_NUMBER": 12.065318982400111
    },
    "FINAL_TEST_ACCURACY": 0.937
}