{
    "EXP_CONFIG": {
        "DEPTH": 10,
        "LEARNING_RATE": 0.1,
        "LOSS": "MultiClass",
        "TEST_DATASET_COUNT": 1000,
        "TRAIN_DATASET_COUNT": 3500,
        "VALIDATE_DATASET_COUNT": 1500
    },
    "FEATURE_IMPORTANCE": {
        "AGE": 0.06700805428690075,
        "AVE_ASSISTANCE": 6.917392097740632,
        "AVE_FOUL": 5.074875721287669,
        "AVE_SCORE": 12.294967117592314,
        "AVE_STEALING": 5.138061985110471,
        "AVE_TACKLING": 4.820179112708944,
        "HEIGHT": 8.523983323453898,
        "NATION": 0.22706959718951109,
        "SAVING_TIME": 38.81755753097553,
        "SPEED": 6.651608261145336,
        "WEIGHT": 0.1049858397379963,
        "YELLOW_RED_CARD_NUMBER": 11.362311358770803
    },
    "FINAL_TEST_ACCURACY": 0.93
}