{
    "EXP_CONFIG": {
        "DEPTH": 10,
        "LEARNING_RATE": 0.1,
        "LOSS": "MultiClass",
        "TEST_DATASET_COUNT": 1000,
        "TRAIN_DATASET_COUNT": 700,
        "VALIDATE_DATASET_COUNT": 300
    },
    "FEATURE_IMPORTANCE": {
        "AGE": 0.5499578366156185,
        "AVE_ASSISTANCE": 6.548384430018029,
        "AVE_FOUL": 3.8485371894495377,
        "AVE_SCORE": 11.909551804716855,
        "AVE_STEALING": 5.081966111392153,
        "AVE_TACKLING": 3.686775878790126,
        "HEIGHT": 6.934011518302208,
        "NATION": 0.9185394057447505,
        "SAVING_TIME": 44.323200101452485,
        "SPEED": 6.6374305504550115,
        "WEIGHT": 0.5329431650908234,
        "YELLOW_RED_CARD_NUMBER": 9.028702007972392
    },
    "FINAL_TEST_ACCURACY": 0.865
}