{
    "EXP_CONFIG": {
        "DEPTH": 6,
        "LEARNING_RATE": 0.1,
        "LOSS": "MultiClass",
        "TEST_DATASET_COUNT": 1000,
        "TRAIN_DATASET_COUNT": 700,
        "VALIDATE_DATASET_COUNT": 300
    },
    "FEATURE_IMPORTANCE": {
        "AGE": 0.3304673449161562,
        "AVE_ASSISTANCE": 6.076116460724984,
        "AVE_FOUL": 4.274482780418735,
        "AVE_SCORE": 10.55232292538744,
        "AVE_STEALING": 4.819096073322624,
        "AVE_TACKLING": 3.6804630133704976,
        "HEIGHT": 7.460445757619095,
        "NATION": 0.6364505458017167,
        "SAVING_TIME": 46.1118143347795,
        "SPEED": 6.658301752519306,
        "WEIGHT": 0.2980318038698338,
        "YELLOW_RED_CARD_NUMBER": 9.102007207270102
    },
    "FINAL_TEST_ACCURACY": 0.865
}