{
    "EXP_CONFIG": {
        "DEPTH": 8,
        "LEARNING_RATE": 0.1,
        "LOSS": "MultiClass",
        "TEST_DATASET_COUNT": 1000,
        "TRAIN_DATASET_COUNT": 700,
        "VALIDATE_DATASET_COUNT": 300
    },
    "FEATURE_IMPORTANCE": {
        "AGE": 0.14208430406464292,
        "AVE_ASSISTANCE": 5.4004939248856685,
        "AVE_FOUL": 4.404003860347691,
        "AVE_SCORE": 11.206221097096659,
        "AVE_STEALING": 5.515335588546973,
        "AVE_TACKLING": 4.077604736341424,
        "HEIGHT": 6.973287209744168,
        "NATION": 1.061876399697963,
        "SAVING_TIME": 44.1724875759086,
        "SPEED": 7.187238825701173,
        "WEIGHT": 0.5496915699107955,
        "YELLOW_RED_CARD_NUMBER": 9.309674907754266
    },
    "FINAL_TEST_ACCURACY": 0.882
}