{
    "EXP_CONFIG": {
        "DEPTH": 14,
        "LEARNING_RATE": 0.1,
        "LOSS": "MultiClass",
        "TEST_DATASET_COUNT": 1000,
        "TRAIN_DATASET_COUNT": 700,
        "VALIDATE_DATASET_COUNT": 300
    },
    "FEATURE_IMPORTANCE": {
        "AGE": 0.3003009048354059,
        "AVE_ASSISTANCE": 5.819372041135699,
        "AVE_FOUL": 3.723815144075534,
        "AVE_SCORE": 11.779403211573348,
        "AVE_STEALING": 5.4210876016740315,
        "AVE_TACKLING": 3.5284253419030374,
        "HEIGHT": 7.647112722762827,
        "NATION": 0.7126621864519822,
        "SAVING_TIME": 44.51250550715316,
        "SPEED": 6.514569167454558,
        "WEIGHT": 0.6213836727188938,
        "YELLOW_RED_CARD_NUMBER": 9.419362498261522
    },
    "FINAL_TEST_ACCURACY": 0.88
}