{
    "EXP_CONFIG": {
        "DEPTH": 12,
        "LEARNING_RATE": 0.1,
        "LOSS": "MultiClass",
        "TEST_DATASET_COUNT": 1000,
        "TRAIN_DATASET_COUNT": 700,
        "VALIDATE_DATASET_COUNT": 300
    },
    "FEATURE_IMPORTANCE": {
        "AGE": 0.6785627160320302,
        "AVE_ASSISTANCE": 7.219726888797641,
        "AVE_FOUL": 4.447857429340834,
        "AVE_SCORE": 11.807052223199598,
        "AVE_STEALING": 5.604480595756729,
        "AVE_TACKLING": 3.426508029449478,
        "HEIGHT": 8.785085803302715,
        "NATION": 0.7460550116533651,
        "SAVING_TIME": 38.44608773705675,
        "SPEED": 7.694162664172772,
        "WEIGHT": 0.7047889429254538,
        "YELLOW_RED_CARD_NUMBER": 10.439631958312626
    },
    "FINAL_TEST_ACCURACY": 0.869
}