{
    "EXP_CONFIG": {
        "DEPTH": 3,
        "LEARNING_RATE": 0.1,
        "LOSS": "MultiClass",
        "TEST_DATASET_COUNT": 1000,
        "TRAIN_DATASET_COUNT": 700,
        "VALIDATE_DATASET_COUNT": 300
    },
    "FEATURE_IMPORTANCE": {
        "AGE": 0.06993072826270935,
        "AVE_ASSISTANCE": 5.693637903760119,
        "AVE_FOUL": 3.624681444068706,
        "AVE_SCORE": 10.96253229297686,
        "AVE_STEALING": 4.311083655116668,
        "AVE_TACKLING": 3.4121638145187254,
        "HEIGHT": 7.017863657867474,
        "NATION": 0.050824814892115426,
        "SAVING_TIME": 49.94792508122059,
        "SPEED": 6.26049056856622,
        "WEIGHT": 0.05420570496134338,
        "YELLOW_RED_CARD_NUMBER": 8.594660333788479
    },
    "FINAL_TEST_ACCURACY": 0.866
}