{
    "EXP_CONFIG": {
        "DEPTH": 2,
        "LEARNING_RATE": 0.1,
        "LOSS": "MultiClass",
        "TEST_DATASET_COUNT": 1000,
        "TRAIN_DATASET_COUNT": 700,
        "VALIDATE_DATASET_COUNT": 300
    },
    "FEATURE_IMPORTANCE": {
        "AGE": 0.0,
        "AVE_ASSISTANCE": 5.585181927634507,
        "AVE_FOUL": 3.0908828178745553,
        "AVE_SCORE": 9.990935644093115,
        "AVE_STEALING": 3.9771400500654472,
        "AVE_TACKLING": 3.414944261286723,
        "HEIGHT": 7.107860009673689,
        "NATION": 0.0,
        "SAVING_TIME": 52.739241768261955,
        "SPEED": 5.922418682045345,
        "WEIGHT": 0.0,
        "YELLOW_RED_CARD_NUMBER": 8.171394839064645
    },
    "FINAL_TEST_ACCURACY": 0.856
}