{
    "EXP_CONFIG": {
        "DEPTH": 4,
        "LEARNING_RATE": 0.1,
        "LOSS": "MultiClass",
        "TEST_DATASET_COUNT": 1000,
        "TRAIN_DATASET_COUNT": 700,
        "VALIDATE_DATASET_COUNT": 300
    },
    "FEATURE_IMPORTANCE": {
        "AGE": 0.14166325360390628,
        "AVE_ASSISTANCE": 6.74239402016637,
        "AVE_FOUL": 3.684256566404386,
        "AVE_SCORE": 11.573363333560609,
        "AVE_STEALING": 5.112564789580748,
        "AVE_TACKLING": 3.625068354539086,
        "HEIGHT": 7.683272360109653,
        "NATION": 0.16885551478158756,
        "SAVING_TIME": 45.56229330141506,
        "SPEED": 6.785406469351897,
        "WEIGHT": 0.14296488864315518,
        "YELLOW_RED_CARD_NUMBER": 8.777897147843541
    },
    "FINAL_TEST_ACCURACY": 0.875
}