{
    "EXP_CONFIG": {
        "DEPTH": 1,
        "LEARNING_RATE": 0.1,
        "LOSS": "MultiClass",
        "TEST_DATASET_COUNT": 1000,
        "TRAIN_DATASET_COUNT": 700,
        "VALIDATE_DATASET_COUNT": 300
    },
    "FEATURE_IMPORTANCE": {
        "AGE": 0.0,
        "AVE_ASSISTANCE": 5.025034199980525,
        "AVE_FOUL": 1.4563241088625114,
        "AVE_SCORE": 9.609750837197282,
        "AVE_STEALING": 2.567001575406502,
        "AVE_TACKLING": 2.1489174895676837,
        "HEIGHT": 8.228077219824602,
        "NATION": 0.0,
        "SAVING_TIME": 58.246370783439716,
        "SPEED": 5.272271538584968,
        "WEIGHT": 0.0,
        "YELLOW_RED_CARD_NUMBER": 7.446252247136196
    },
    "FINAL_TEST_ACCURACY": 0.816
}