{
    "EXP_CONFIG": {
        "DEPTH": 10,
        "LEARNING_RATE": 0.3,
        "LOSS": "MultiClass",
        "TEST_DATASET_COUNT": 1000,
        "TRAIN_DATASET_COUNT": 700,
        "VALIDATE_DATASET_COUNT": 300
    },
    "FEATURE_IMPORTANCE": {
        "AGE": 0.2305781051310491,
        "AVE_ASSISTANCE": 7.164003033660881,
        "AVE_FOUL": 5.7700173696952834,
        "AVE_SCORE": 11.461751309027203,
        "AVE_STEALING": 6.832519304463858,
        "AVE_TACKLING": 5.035337360173299,
        "HEIGHT": 6.6962789962139055,
        "NATION": 0.789608777132995,
        "SAVING_TIME": 37.27639148128739,
        "SPEED": 7.3607698645478905,
        "WEIGHT": 0.9893095364543941,
        "YELLOW_RED_CARD_NUMBER": 10.393434862211834
    },
    "FINAL_TEST_ACCURACY": 0.877
}