{
    "EXP_CONFIG": {
        "DEPTH": 10,
        "LEARNING_RATE": 0.1,
        "LOSS": "MultiClass",
        "TEST_DATASET_COUNT": 1000,
        "TRAIN_DATASET_COUNT": 700,
        "VALIDATE_DATASET_COUNT": 300
    },
    "FEATURE_IMPORTANCE": {
        "AGE": 0.1882051614251882,
        "AVE_ASSISTANCE": 6.440934155268254,
        "AVE_FOUL": 4.413103085931699,
        "AVE_SCORE": 11.89230043599773,
        "AVE_STEALING": 5.145347180834857,
        "AVE_TACKLING": 4.191775428152235,
        "HEIGHT": 8.21229201347097,
        "NATION": 0.4400689301423159,
        "SAVING_TIME": 41.841027495917324,
        "SPEED": 7.359144586308343,
        "WEIGHT": 0.4945047008792368,
        "YELLOW_RED_CARD_NUMBER": 9.381296825671859
    },
    "FINAL_TEST_ACCURACY": 0.875
}