{
    "EXP_CONFIG": {
        "DEPTH": 10,
        "LEARNING_RATE": 0.03,
        "LOSS": "MultiClass",
        "TEST_DATASET_COUNT": 1000,
        "TRAIN_DATASET_COUNT": 700,
        "VALIDATE_DATASET_COUNT": 300
    },
    "FEATURE_IMPORTANCE": {
        "AGE": 0.18823617476676405,
        "AVE_ASSISTANCE": 4.637601197275998,
        "AVE_FOUL": 2.0302268122064677,
        "AVE_SCORE": 9.900844521095046,
        "AVE_STEALING": 3.13030982945256,
        "AVE_TACKLING": 1.5874976703618613,
        "HEIGHT": 7.734600791769373,
        "NATION": 0.8427243122560512,
        "SAVING_TIME": 55.50236937304367,
        "SPEED": 5.211350754906614,
        "WEIGHT": 0.3044227270260225,
        "YELLOW_RED_CARD_NUMBER": 8.929815835839566
    },
    "FINAL_TEST_ACCURACY": 0.837
}