{
    "EXP_CONFIG": {
        "DEPTH": 10,
        "LEARNING_RATE": 0.01,
        "LOSS": "MultiClass",
        "TEST_DATASET_COUNT": 1000,
        "TRAIN_DATASET_COUNT": 700,
        "VALIDATE_DATASET_COUNT": 300
    },
    "FEATURE_IMPORTANCE": {
        "AGE": 0.1464316106537129,
        "AVE_ASSISTANCE": 2.585710799881077,
        "AVE_FOUL": 0.7791567701868227,
        "AVE_SCORE": 12.456013891201183,
        "AVE_STEALING": 1.8790076636122262,
        "AVE_TACKLING": 1.45132830582946,
        "HEIGHT": 7.951596151418173,
        "NATION": 0.8860849975339601,
        "SAVING_TIME": 58.861545247234574,
        "SPEED": 3.836061760876393,
        "WEIGHT": 0.25090010586025174,
        "YELLOW_RED_CARD_NUMBER": 8.916162695712176
    },
    "FINAL_TEST_ACCURACY": 0.807
}