{
    "EXP_CONFIG": {
        "DEPTH": 10,
        "LEARNING_RATE": 0.1,
        "LOSS": "MultiClass",
        "TEST_DATASET_COUNT": 1000,
        "TRAIN_DATASET_COUNT": 700,
        "VALIDATE_DATASET_COUNT": 300
    },
    "FEATURE_IMPORTANCE": {
        "AGE": 0.3063635816003761,
        "AVE_ASSISTANCE": 7.426625128069913,
        "AVE_FOUL": 4.718774226260283,
        "AVE_SCORE": 12.385035524278528,
        "AVE_STEALING": 6.441138911270213,
        "AVE_TACKLING": 5.240565131099539,
        "HEIGHT": 7.31789860069863,
        "NATION": 0.7522274790517657,
        "SAVING_TIME": 36.8400220714005,
        "SPEED": 8.064116275468738,
        "WEIGHT": 0.475559819256658,
        "YELLOW_RED_CARD_NUMBER": 10.03167325154485
    },
    "FINAL_TEST_ACCURACY": 0.895
}