{
    "EXP_CONFIG": {
        "DEPTH": 10,
        "LEARNING_RATE": 0.1,
        "LOSS": "MultiClass",
        "TEST_DATASET_COUNT": 1000,
        "TRAIN_DATASET_COUNT": 700,
        "VALIDATE_DATASET_COUNT": 300
    },
    "FEATURE_IMPORTANCE": {
        "AGE": 0.40307993259105546,
        "AVE_ASSISTANCE": 3.555013384809885,
        "AVE_FOUL": 0.12290946407389705,
        "AVE_SCORE": 12.270608608731276,
        "AVE_STEALING": 1.2282566719350692,
        "AVE_TACKLING": 2.43334001533327,
        "HEIGHT": 9.980861851526868,
        "NATION": 0.9691130348818543,
        "SAVING_TIME": 57.05998634637115,
        "SPEED": 3.1412560837314194,
        "WEIGHT": 0.13508310053788752,
        "YELLOW_RED_CARD_NUMBER": 8.700491505476371
    },
    "FINAL_TEST_ACCURACY": 0.764
}