{
    "EXP_CONFIG": {
        "DEPTH": 10,
        "LEARNING_RATE": 0.1,
        "LOSS": "MultiClass",
        "TEST_DATASET_COUNT": 1000,
        "TRAIN_DATASET_COUNT": 700,
        "VALIDATE_DATASET_COUNT": 300
    },
    "FEATURE_IMPORTANCE": {
        "AGE": 0.20208052806841306,
        "AVE_ASSISTANCE": 5.512308596876534,
        "AVE_FOUL": 2.9470361861860948,
        "AVE_SCORE": 11.52877210151545,
        "AVE_STEALING": 3.7546195354720124,
        "AVE_TACKLING": 3.121281619086889,
        "HEIGHT": 8.348373413998408,
        "NATION": 0.8710227957765982,
        "SAVING_TIME": 48.45336511583826,
        "SPEED": 5.82530523002292,
        "WEIGHT": 0.38451275600289786,
        "YELLOW_RED_CARD_NUMBER": 9.051322121155541
    },
    "FINAL_TEST_ACCURACY": 0.854
}