{
    "EXP_CONFIG": {
        "DEPTH": 10,
        "LEARNING_RATE": 0.1,
        "LOSS": "MultiClass",
        "TEST_DATASET_COUNT": 1000,
        "TRAIN_DATASET_COUNT": 700,
        "VALIDATE_DATASET_COUNT": 300
    },
    "FEATURE_IMPORTANCE": {
        "AGE": 0.5505472051001401,
        "AVE_ASSISTANCE": 7.637175597317723,
        "AVE_FOUL": 5.038193960138803,
        "AVE_SCORE": 11.958010426313145,
        "AVE_STEALING": 5.942149336481943,
        "AVE_TACKLING": 4.718970309764717,
        "HEIGHT": 7.139027809714485,
        "NATION": 0.7923685917227622,
        "SAVING_TIME": 37.225112468247005,
        "SPEED": 7.570543079777413,
        "WEIGHT": 0.7949925020734475,
        "YELLOW_RED_CARD_NUMBER": 10.632908713348423
    },
    "FINAL_TEST_ACCURACY": 0.889
}