{
    "EXP_CONFIG": {
        "DEPTH": 10,
        "LEARNING_RATE": 0.1,
        "LOSS": "MultiClass",
        "TEST_DATASET_COUNT": 1000,
        "TRAIN_DATASET_COUNT": 700,
        "VALIDATE_DATASET_COUNT": 300
    },
    "FEATURE_IMPORTANCE": {
        "AGE": 0.4873437359663011,
        "AVE_ASSISTANCE": 6.702862617790519,
        "AVE_FOUL": 4.247814011420085,
        "AVE_SCORE": 11.242513160932193,
        "AVE_STEALING": 5.678526077282908,
        "AVE_TACKLING": 3.706159441606851,
        "HEIGHT": 7.197182919561507,
        "NATION": 0.7961859612414847,
        "SAVING_TIME": 42.72521747131387,
        "SPEED": 6.968534485193444,
        "WEIGHT": 0.6063658235460618,
        "YELLOW_RED_CARD_NUMBER": 9.64129429414478
    },
    "FINAL_TEST_ACCURACY": 0.87
}