{
    "EXP_CONFIG": {
        "DEPTH": 6,
        "LEARNING_RATE": 0.1,
        "LOSS": "MultiClass",
        "TEST_DATASET_COUNT": 1000,
        "TRAIN_DATASET_COUNT": 7000,
        "VALIDATE_DATASET_COUNT": 3000
    },
    "FEATURE_IMPORTANCE": {
        "AGE": 0.0,
        "AVE_ASSISTANCE": 6.844305462382557,
        "AVE_FOUL": 4.222333225102854,
        "AVE_SCORE": 11.485344464728128,
        "AVE_STEALING": 5.051566985017984,
        "AVE_TACKLING": 4.550500952201415,
        "HEIGHT": 7.134369546155833,
        "NATION": 0.022112661860862238,
        "SAVING_TIME": 43.88900137284151,
        "SPEED": 6.883745170454561,
        "WEIGHT": 0.023814431007904372,
        "YELLOW_RED_CARD_NUMBER": 9.892905728246387
    },
    "FINAL_TEST_ACCURACY": 0.925
}