{
    "EXP_CONFIG": {
        "DEPTH": 14,
        "LEARNING_RATE": 0.1,
        "LOSS": "MultiClass",
        "TEST_DATASET_COUNT": 1000,
        "TRAIN_DATASET_COUNT": 7000,
        "VALIDATE_DATASET_COUNT": 3000
    },
    "FEATURE_IMPORTANCE": {
        "AGE": 0.03944140508852641,
        "AVE_ASSISTANCE": 7.35641076194201,
        "AVE_FOUL": 4.6927617627727685,
        "AVE_SCORE": 12.317940860271653,
        "AVE_STEALING": 5.467482219112124,
        "AVE_TACKLING": 5.070284621731556,
        "HEIGHT": 7.65619890591976,
        "NATION": 0.1757721835771313,
        "SAVING_TIME": 39.170630296109834,
        "SPEED": 7.303637675551297,
        "WEIGHT": 0.09510928113106125,
        "YELLOW_RED_CARD_NUMBER": 10.654330026792275
    },
    "FINAL_TEST_ACCURACY": 0.939
}