{
    "EXP_CONFIG": {
        "DEPTH": 2,
        "LEARNING_RATE": 0.1,
        "LOSS": "MultiClass",
        "TEST_DATASET_COUNT": 1000,
        "TRAIN_DATASET_COUNT": 7000,
        "VALIDATE_DATASET_COUNT": 3000
    },
    "FEATURE_IMPORTANCE": {
        "AGE": 0.0,
        "AVE_ASSISTANCE": 5.474371963123618,
        "AVE_FOUL": 2.977057857113597,
        "AVE_SCORE": 10.093847015533598,
        "AVE_STEALING": 3.8510010659422176,
        "AVE_TACKLING": 2.9250520329569833,
        "HEIGHT": 7.353367583100809,
        "NATION": 0.0,
        "SAVING_TIME": 53.09298483675828,
        "SPEED": 5.418814110110067,
        "WEIGHT": 0.0,
        "YELLOW_RED_CARD_NUMBER": 8.813503535360816
    },
    "FINAL_TEST_ACCURACY": 0.888
}