{
    "EXP_CONFIG": {
        "DEPTH": 12,
        "LEARNING_RATE": 0.1,
        "LOSS": "MultiClass",
        "TEST_DATASET_COUNT": 1000,
        "TRAIN_DATASET_COUNT": 7000,
        "VALIDATE_DATASET_COUNT": 3000
    },
    "FEATURE_IMPORTANCE": {
        "AGE": 0.07701210428932156,
        "AVE_ASSISTANCE": 6.8062559265082605,
        "AVE_FOUL": 5.016079798522199,
        "AVE_SCORE": 12.85963493902766,
        "AVE_STEALING": 5.886957398807327,
        "AVE_TACKLING": 5.109868422289675,
        "HEIGHT": 8.240704134626117,
        "NATION": 0.11409068281301124,
        "SAVING_TIME": 37.19037985912921,
        "SPEED": 8.061316949782531,
        "WEIGHT": 0.08621567100668129,
        "YELLOW_RED_CARD_NUMBER": 10.551484113198004
    },
    "FINAL_TEST_ACCURACY": 0.94
}