{
    "EXP_CONFIG": {
        "DEPTH": 1,
        "LEARNING_RATE": 0.1,
        "LOSS": "MultiClass",
        "TEST_DATASET_COUNT": 1000,
        "TRAIN_DATASET_COUNT": 7000,
        "VALIDATE_DATASET_COUNT": 3000
    },
    "FEATURE_IMPORTANCE": {
        "AGE": 0.0,
        "AVE_ASSISTANCE": 4.268844872535663,
        "AVE_FOUL": 1.577436196234637,
        "AVE_SCORE": 9.592027134444924,
        "AVE_STEALING": 2.6282055533257322,
        "AVE_TACKLING": 1.9296439871190019,
        "HEIGHT": 8.119690236723297,
        "NATION": 0.0,
        "SAVING_TIME": 58.411610051678586,
        "SPEED": 4.7542217076438344,
        "WEIGHT": 0.0,
        "YELLOW_RED_CARD_NUMBER": 8.718320260294325
    },
    "FINAL_TEST_ACCURACY": 0.834
}