{
    "EXP_CONFIG": {
        "DEPTH": 3,
        "LEARNING_RATE": 0.1,
        "LOSS": "MultiClass",
        "TEST_DATASET_COUNT": 1000,
        "TRAIN_DATASET_COUNT": 7000,
        "VALIDATE_DATASET_COUNT": 3000
    },
    "FEATURE_IMPORTANCE": {
        "AGE": 0.0,
        "AVE_ASSISTANCE": 5.900107816947754,
        "AVE_FOUL": 3.7073127223091835,
        "AVE_SCORE": 10.910864845911792,
        "AVE_STEALING": 4.238712587170825,
        "AVE_TACKLING": 3.5961854577243537,
        "HEIGHT": 6.952573835372043,
        "NATION": 0.0,
        "SAVING_TIME": 49.65886304682683,
        "SPEED": 5.94215984920339,
        "WEIGHT": 0.0,
        "YELLOW_RED_CARD_NUMBER": 9.093219838533834
    },
    "FINAL_TEST_ACCURACY": 0.907
}