{
    "EXP_CONFIG": {
        "DEPTH": 10,
        "LEARNING_RATE": 0.1,
        "LOSS": "MultiClass",
        "TEST_DATASET_COUNT": 1000,
        "TRAIN_DATASET_COUNT": 7000,
        "VALIDATE_DATASET_COUNT": 3000
    },
    "FEATURE_IMPORTANCE": {
        "AGE": 0.0456429143183367,
        "AVE_ASSISTANCE": 7.525061652656238,
        "AVE_FOUL": 4.790270114387715,
        "AVE_SCORE": 12.919944081691382,
        "AVE_STEALING": 5.7454108492077784,
        "AVE_TACKLING": 4.963808413948334,
        "HEIGHT": 8.010289583005772,
        "NATION": 0.046695664285705256,
        "SAVING_TIME": 36.8473043003617,
        "SPEED": 7.865649578846867,
        "WEIGHT": 0.13630293539982713,
        "YELLOW_RED_CARD_NUMBER": 11.103619911890334
    },
    "FINAL_TEST_ACCURACY": 0.938
}