{
    "EXP_CONFIG": {
        "DEPTH": 8,
        "LEARNING_RATE": 0.1,
        "LOSS": "MultiClass",
        "TEST_DATASET_COUNT": 1000,
        "TRAIN_DATASET_COUNT": 7000,
        "VALIDATE_DATASET_COUNT": 3000
    },
    "FEATURE_IMPORTANCE": {
        "AGE": 0.0,
        "AVE_ASSISTANCE": 7.300985248842154,
        "AVE_FOUL": 4.5766198393884,
        "AVE_SCORE": 12.117522455694314,
        "AVE_STEALING": 5.444101955571642,
        "AVE_TACKLING": 4.841975547971387,
        "HEIGHT": 7.488840169606884,
        "NATION": 0.07421111075751625,
        "SAVING_TIME": 40.79507171007866,
        "SPEED": 7.487981494830157,
        "WEIGHT": 0.006314009410062929,
        "YELLOW_RED_CARD_NUMBER": 9.866376457848821
    },
    "FINAL_TEST_ACCURACY": 0.935
}