{
    "EXP_CONFIG": {
        "DEPTH": 4,
        "LEARNING_RATE": 0.1,
        "LOSS": "MultiClass",
        "TEST_DATASET_COUNT": 1000,
        "TRAIN_DATASET_COUNT": 7000,
        "VALIDATE_DATASET_COUNT": 3000
    },
    "FEATURE_IMPORTANCE": {
        "AGE": 0.0,
        "AVE_ASSISTANCE": 6.264747308443823,
        "AVE_FOUL": 3.7950826050073383,
        "AVE_SCORE": 10.885532714572774,
        "AVE_STEALING": 4.578492792616704,
        "AVE_TACKLING": 4.158153403906525,
        "HEIGHT": 6.710517577349781,
        "NATION": 0.0,
        "SAVING_TIME": 47.94372836541336,
        "SPEED": 6.2139060420447585,
        "WEIGHT": 0.0030548651393015247,
        "YELLOW_RED_CARD_NUMBER": 9.44678432550564
    },
    "FINAL_TEST_ACCURACY": 0.925
}