{
    "EXP_CONFIG": {
        "DEPTH": 10,
        "LEARNING_RATE": 0.03,
        "LOSS": "MultiClass",
        "TEST_DATASET_COUNT": 1000,
        "TRAIN_DATASET_COUNT": 7000,
        "VALIDATE_DATASET_COUNT": 3000
    },
    "FEATURE_IMPORTANCE": {
        "AGE": 0.09219132463845545,
        "AVE_ASSISTANCE": 6.681340457900607,
        "AVE_FOUL": 3.3362964210183548,
        "AVE_SCORE": 12.726434553986268,
        "AVE_STEALING": 4.58034499609823,
        "AVE_TACKLING": 3.743530012867445,
        "HEIGHT": 9.241202287456593,
        "NATION": 0.12230328308116306,
        "SAVING_TIME": 41.44256756319864,
        "SPEED": 7.166081996713057,
        "WEIGHT": 0.04748820929787335,
        "YELLOW_RED_CARD_NUMBER": 10.820218893743313
    },
    "FINAL_TEST_ACCURACY": 0.893
}