{
    "EXP_CONFIG": {
        "DEPTH": 10,
        "LEARNING_RATE": 0.1,
        "LOSS": "MultiClass",
        "TEST_DATASET_COUNT": 1000,
        "TRAIN_DATASET_COUNT": 7000,
        "VALIDATE_DATASET_COUNT": 3000
    },
    "FEATURE_IMPORTANCE": {
        "AGE": 0.0,
        "AVE_ASSISTANCE": 7.177142228068412,
        "AVE_FOUL": 4.830370510020244,
        "AVE_SCORE": 12.404242223136363,
        "AVE_STEALING": 5.247942368475078,
        "AVE_TACKLING": 4.975105982819669,
        "HEIGHT": 7.644869997662902,
        "NATION": 0.14409196693378143,
        "SAVING_TIME": 39.34982462146293,
        "SPEED": 7.63691908929535,
        "WEIGHT": 0.06812286789518204,
        "YELLOW_RED_CARD_NUMBER": 10.521368144230081
    },
    "FINAL_TEST_ACCURACY": 0.944
}