{
    "EXP_CONFIG": {
        "DEPTH": 10,
        "LEARNING_RATE": 0.01,
        "LOSS": "MultiClass",
        "TEST_DATASET_COUNT": 1000,
        "TRAIN_DATASET_COUNT": 7000,
        "VALIDATE_DATASET_COUNT": 3000
    },
    "FEATURE_IMPORTANCE": {
        "AGE": 0.012864986451240424,
        "AVE_ASSISTANCE": 5.503705590575496,
        "AVE_FOUL": 1.682950630113816,
        "AVE_SCORE": 12.904532112568653,
        "AVE_STEALING": 2.8712263886634104,
        "AVE_TACKLING": 1.742260596879068,
        "HEIGHT": 11.405049070533588,
        "NATION": 0.08334588166972913,
        "SAVING_TIME": 45.10318835027781,
        "SPEED": 7.220277869666574,
        "WEIGHT": 0.05982388608238104,
        "YELLOW_RED_CARD_NUMBER": 11.410774636518221
    },
    "FINAL_TEST_ACCURACY": 0.842
}