{
    "EXP_CONFIG": {
        "DEPTH": 10,
        "LEARNING_RATE": 0.3,
        "LOSS": "MultiClass",
        "TEST_DATASET_COUNT": 1000,
        "TRAIN_DATASET_COUNT": 7000,
        "VALIDATE_DATASET_COUNT": 3000
    },
    "FEATURE_IMPORTANCE": {
        "AGE": 0.018706841534616644,
        "AVE_ASSISTANCE": 8.382377855147826,
        "AVE_FOUL": 5.770650295976845,
        "AVE_SCORE": 13.471936937194116,
        "AVE_STEALING": 6.767602564340811,
        "AVE_TACKLING": 6.098187673845955,
        "HEIGHT": 7.970892676644134,
        "NATION": 0.04536606696497415,
        "SAVING_TIME": 31.80067023009062,
        "SPEED": 8.046377466239669,
        "WEIGHT": 0.08874684186323638,
        "YELLOW_RED_CARD_NUMBER": 11.538484550157193
    },
    "FINAL_TEST_ACCURACY": 0.958
}