{
    "EXP_CONFIG": {
        "DEPTH": 10,
        "LEARNING_RATE": 0.1,
        "LOSS": "MultiClass",
        "TEST_DATASET_COUNT": 1000,
        "TRAIN_DATASET_COUNT": 7000,
        "VALIDATE_DATASET_COUNT": 3000
    },
    "FEATURE_IMPORTANCE": {
        "AGE": 0.028337372330296196,
        "AVE_ASSISTANCE": 6.889104064156307,
        "AVE_FOUL": 4.02732974004801,
        "AVE_SCORE": 11.76959277985602,
        "AVE_STEALING": 4.858291225957016,
        "AVE_TACKLING": 4.416536509568608,
        "HEIGHT": 8.25600934766109,
        "NATION": 0.05480716403234466,
        "SAVING_TIME": 41.86973126866979,
        "SPEED": 7.258759395491846,
        "WEIGHT": 0.01263146657765842,
        "YELLOW_RED_CARD_NUMBER": 10.558869665651011
    },
    "FINAL_TEST_ACCURACY": 0.912
}