{
    "EXP_CONFIG": {
        "DEPTH": 10,
        "LEARNING_RATE": 0.1,
        "LOSS": "MultiClass",
        "TEST_DATASET_COUNT": 1000,
        "TRAIN_DATASET_COUNT": 7000,
        "VALIDATE_DATASET_COUNT": 3000
    },
    "FEATURE_IMPORTANCE": {
        "AGE": 0.022054651177646167,
        "AVE_ASSISTANCE": 7.389043376076461,
        "AVE_FOUL": 4.67848724100171,
        "AVE_SCORE": 12.22083910507494,
        "AVE_STEALING": 5.452300198820592,
        "AVE_TACKLING": 5.014165630989387,
        "HEIGHT": 7.904143235536244,
        "NATION": 0.07576626277762484,
        "SAVING_TIME": 39.17743409496562,
        "SPEED": 7.42014657932297,
        "WEIGHT": 0.06566416187274693,
        "YELLOW_RED_CARD_NUMBER": 10.579955462384087
    },
    "FINAL_TEST_ACCURACY": 0.942
}