{
    "EXP_CONFIG": {
        "DEPTH": 10,
        "LEARNING_RATE": 0.1,
        "LOSS": "MultiClass",
        "TEST_DATASET_COUNT": 1000,
        "TRAIN_DATASET_COUNT": 7000,
        "VALIDATE_DATASET_COUNT": 3000
    },
    "FEATURE_IMPORTANCE": {
        "AGE": 0.08472709637695286,
        "AVE_ASSISTANCE": 8.608154321612856,
        "AVE_FOUL": 6.0487074090019055,
        "AVE_SCORE": 13.121724516197563,
        "AVE_STEALING": 6.628635903810231,
        "AVE_TACKLING": 6.163932048339548,
        "HEIGHT": 7.878998769480697,
        "NATION": 0.10848765533304104,
        "SAVING_TIME": 30.657093831200992,
        "SPEED": 8.568352061325806,
        "WEIGHT": 0.24252964572265523,
        "YELLOW_RED_CARD_NUMBER": 11.888656741597755
    },
    "FINAL_TEST_ACCURACY": 0.962
}