{
    "EXP_CONFIG": {
        "DEPTH": 10,
        "LEARNING_RATE": 0.1,
        "LOSS": "MultiClass",
        "TEST_DATASET_COUNT": 1000,
        "TRAIN_DATASET_COUNT": 7000,
        "VALIDATE_DATASET_COUNT": 3000
    },
    "FEATURE_IMPORTANCE": {
        "AGE": 0.050287455213052286,
        "AVE_ASSISTANCE": 8.290528296825928,
        "AVE_FOUL": 5.743047314392745,
        "AVE_SCORE": 12.591318492816464,
        "AVE_STEALING": 6.668201937426225,
        "AVE_TACKLING": 5.912303462477698,
        "HEIGHT": 7.711406859469092,
        "NATION": 0.06648092426327147,
        "SAVING_TIME": 33.01527308770323,
        "SPEED": 8.183310917735795,
        "WEIGHT": 0.17624147995904518,
        "YELLOW_RED_CARD_NUMBER": 11.591599771717458
    },
    "FINAL_TEST_ACCURACY": 0.967
}