{
    "EXP_CONFIG": {
        "DEPTH": 10,
        "LEARNING_RATE": 0.1,
        "LOSS": "MultiClass",
        "TEST_DATASET_COUNT": 1000,
        "TRAIN_DATASET_COUNT": 7000,
        "VALIDATE_DATASET_COUNT": 3000
    },
    "FEATURE_IMPORTANCE": {
        "AGE": 0.13559073517356518,
        "AVE_ASSISTANCE": 6.147768005536838,
        "AVE_FOUL": 1.3913900389707983,
        "AVE_SCORE": 13.44657057357547,
        "AVE_STEALING": 3.774814667560921,
        "AVE_TACKLING": 2.4987432092819,
        "HEIGHT": 10.894467709417851,
        "NATION": 0.13389143873502282,
        "SAVING_TIME": 41.85627155414164,
        "SPEED": 7.95904620735789,
        "WEIGHT": 0.0,
        "YELLOW_RED_CARD_NUMBER": 11.761445860248099
    },
    "FINAL_TEST_ACCURACY": 0.842
}